State: [0, 0.07583333333333334, 0.0], Action: 1, Reward: -12, Next State: [0, 0.04833333333333333, 0.0], Done: False
State: [0, 0.04833333333333333, 0.0], Action: 2, Reward: -14, Next State: [0, 0.034166666666666665, 0.0], Done: False
State: [0, 0.04833333333333333, 0.0], Action: 2, Reward: -14, Next State: [0, 0.0725, 0.0], Done: False
State: [0, 0.0725, 0.0], Action: 2, Reward: -14, Next State: [0, 0.0425, 0.0], Done: False
